#ncores order elem/core total_elem total_gp gp/core n_it scalar_t/field scalar_dof/s scalar_t/it scalar_t/it/p scalar_dof/s scalar_t/it scalar_t/it/p
16384 1 1 16384 16384 1 21 6.06486E-03 2.70146E+06 2.88803E-04 2.88803E-04 2.37045E-03 6.91178E+06 1.12878E-04 1.12878E-04
16384 1 2 32768 32768 2 30 9.25695E-03 3.53983E+06 3.08565E-04 1.54282E-04 3.94493E-03 8.30636E+06 1.31498E-04 6.57488E-05
16384 1 4 65536 65536 4 32 1.03714E-02 6.31892E+06 3.24106E-04 8.10265E-05 4.27723E-03 1.53221E+07 1.33663E-04 3.34158E-05
16384 1 8 131072 131072 8 33 1.15485E-02 1.13497E+07 3.49954E-04 4.37443E-05 5.43966E-03 2.40956E+07 1.64838E-04 2.06048E-05
16384 1 16 262144 262144 16 33 1.36801E-02 1.91624E+07 4.14548E-04 2.59093E-05 7.61670E-03 3.44170E+07 2.30809E-04 1.44256E-05
16384 1 32 524288 524288 32 33 1.80961E-02 2.89725E+07 5.48365E-04 1.71364E-05 1.19302E-02 4.39462E+07 3.61522E-04 1.12976E-05
16384 1 64 1048576 1048576 64 33 2.73465E-02 3.83441E+07 8.28681E-04 1.29481E-05 2.07354E-02 5.05693E+07 6.28347E-04 9.81791E-06
16384 1 128 2097152 2097152 128 33 4.44405E-02 4.71901E+07 1.34668E-03 1.05209E-05 3.75637E-02 5.58293E+07 1.13829E-03 8.89291E-06
16384 2 1 16384 131072 8 26 8.51017E-03 1.54018E+07 3.27314E-04 4.09143E-05 3.29943E-03 3.97256E+07 1.26901E-04 1.58627E-05
16384 2 2 32768 262144 16 27 9.28865E-03 2.82220E+07 3.44024E-04 2.15015E-05 3.96122E-03 6.61776E+07 1.46712E-04 9.16949E-06
16384 2 4 65536 524288 32 26 9.99677E-03 5.24458E+07 3.84491E-04 1.20153E-05 4.89261E-03 1.07159E+08 1.88177E-04 5.88054E-06
16384 2 8 131072 1048576 64 27 1.24546E-02 8.41921E+07 4.61280E-04 7.20750E-06 7.33268E-03 1.43000E+08 2.71581E-04 4.24345E-06
16384 2 16 262144 2097152 128 26 1.60053E-02 1.31029E+08 6.15588E-04 4.80928E-06 1.13112E-02 1.85405E+08 4.35045E-04 3.39879E-06
16384 2 32 524288 4194304 256 26 2.44191E-02 1.71763E+08 9.39198E-04 3.66874E-06 1.96934E-02 2.12980E+08 7.57439E-04 2.95875E-06
16384 2 64 1048576 8388608 512 25 3.95056E-02 2.12340E+08 1.58023E-03 3.08638E-06 3.45477E-02 2.42813E+08 1.38191E-03 2.69904E-06
16384 2 128 2097152 16777216 1024 25 7.11633E-02 2.35757E+08 2.84653E-03 2.77982E-06 6.62368E-02 2.53292E+08 2.64947E-03 2.58737E-06
16384 3 1 16384 442368 27 14 4.80089E-03 9.21429E+07 3.42921E-04 1.27008E-05 2.02797E-03 2.18133E+08 1.44855E-04 5.36500E-06
16384 3 2 32768 884736 54 20 7.38664E-03 1.19775E+08 3.69332E-04 6.83948E-06 3.58089E-03 2.47072E+08 1.79045E-04 3.31564E-06
16384 3 4 65536 1769472 108 22 9.69813E-03 1.82455E+08 4.40824E-04 4.08170E-06 5.65157E-03 3.13094E+08 2.56890E-04 2.37861E-06
16384 3 8 131072 3538944 216 21 1.21990E-02 2.90102E+08 5.80903E-04 2.68936E-06 8.66153E-03 4.08582E+08 4.12454E-04 1.90951E-06
16384 3 16 262144 7077888 432 21 1.81588E-02 3.89778E+08 8.64703E-04 2.00163E-06 1.48766E-02 4.75773E+08 7.08409E-04 1.63984E-06
16384 3 32 524288 14155776 864 22 3.14365E-02 4.50297E+08 1.42893E-03 1.65386E-06 2.81548E-02 5.02783E+08 1.27977E-03 1.48121E-06
16384 3 64 1048576 28311552 1728 21 5.34710E-02 5.29475E+08 2.54624E-03 1.47352E-06 5.12927E-02 5.51961E+08 2.44251E-03 1.41349E-06
16384 3 128 2097152 56623104 3456 21 1.00465E-01 5.63609E+08 4.78405E-03 1.38428E-06 1.05570E-01 5.36355E+08 5.02716E-03 1.45462E-06
16384 4 1 16384 1048576 64 19 7.23887E-03 1.44854E+08 3.80993E-04 5.95302E-06 3.55106E-03 2.95286E+08 1.86898E-04 2.92028E-06
16384 4 2 32768 2097152 128 20 8.93917E-03 2.34603E+08 4.46959E-04 3.49186E-06 5.40470E-03 3.88024E+08 2.70235E-04 2.11121E-06
16384 4 4 65536 4194304 256 20 1.19220E-02 3.51812E+08 5.96101E-04 2.32852E-06 8.61054E-03 4.87113E+08 4.30527E-04 1.68175E-06
16384 4 8 131072 8388608 512 20 1.77626E-02 4.72262E+08 8.88131E-04 1.73463E-06 1.49894E-02 5.59635E+08 7.49471E-04 1.46381E-06
16384 4 16 262144 16777216 1024 20 2.97848E-02 5.63281E+08 1.48924E-03 1.45434E-06 2.68585E-02 6.24652E+08 1.34292E-03 1.31145E-06
16384 4 32 524288 33554432 2048 20 5.28668E-02 6.34698E+08 2.64334E-03 1.29069E-06 5.10520E-02 6.57260E+08 2.55260E-03 1.24639E-06
16384 4 64 1048576 67108864 4096 20 9.88149E-02 6.79137E+08 4.94074E-03 1.20624E-06 1.02777E-01 6.52954E+08 5.13886E-03 1.25461E-06
16384 4 128 2097152 134217728 8192 20 2.05687E-01 6.52533E+08 1.02844E-02 1.25542E-06 2.15038E-01 6.24159E+08 1.07519E-02 1.31249E-06
16384 5 1 16384 2048000 125 11 4.44142E-03 4.61114E+08 4.03766E-04 3.23012E-06 2.25066E-03 9.09956E+08 2.04605E-04 1.63684E-06
16384 5 2 32768 4096000 250 17 8.11492E-03 5.04749E+08 4.77348E-04 1.90939E-06 5.11849E-03 8.00236E+08 3.01088E-04 1.20435E-06
16384 5 4 65536 8192000 500 19 1.23345E-02 6.64151E+08 6.49186E-04 1.29837E-06 9.24645E-03 8.85961E+08 4.86655E-04 9.73311E-07
16384 5 8 131072 16384000 1000 19 1.89379E-02 8.65144E+08 9.96731E-04 9.96731E-07 1.60067E-02 1.02357E+09 8.42456E-04 8.42456E-07
16384 5 16 262144 32768000 2000 19 3.19904E-02 1.02431E+09 1.68371E-03 8.41853E-07 2.95607E-02 1.10850E+09 1.55582E-03 7.77912E-07
16384 5 32 524288 65536000 4000 19 5.71067E-02 1.14761E+09 3.00562E-03 7.51404E-07 5.99314E-02 1.09352E+09 3.15428E-03 7.88571E-07
16384 5 64 1048576 131072000 8000 19 1.13055E-01 1.15936E+09 5.95029E-03 7.43786E-07 1.24915E-01 1.04929E+09 6.57450E-03 8.21812E-07
16384 5 128 2097152 262144000 16000 19 2.42895E-01 1.07925E+09 1.27840E-02 7.98997E-07 2.60246E-01 1.00729E+09 1.36972E-02 8.56072E-07
16384 6 1 16384 3538944 216 18 8.48476E-03 4.17094E+08 4.71375E-04 2.18229E-06 5.09456E-03 6.94652E+08 2.83031E-04 1.31033E-06
16384 6 2 32768 7077888 432 19 1.20219E-02 5.88751E+08 6.32730E-04 1.46465E-06 8.89087E-03 7.96085E+08 4.67941E-04 1.08320E-06
16384 6 4 65536 14155776 864 18 1.73763E-02 8.14660E+08 9.65350E-04 1.11730E-06 1.46094E-02 9.68949E+08 8.11634E-04 9.39391E-07
16384 6 8 131072 28311552 1728 19 3.07789E-02 9.19837E+08 1.61994E-03 9.37466E-07 2.80314E-02 1.01000E+09 1.47533E-03 8.53782E-07
16384 6 16 262144 56623104 3456 19 5.54917E-02 1.02039E+09 2.92061E-03 8.45085E-07 5.42035E-02 1.04464E+09 2.85282E-03 8.25468E-07
16384 6 32 524288 113246208 6912 19 1.07760E-01 1.05091E+09 5.67160E-03 8.20544E-07 1.12949E-01 1.00263E+09 5.94471E-03 8.60056E-07
16384 6 64 1048576 226492416 13824 18 2.11210E-01 1.07236E+09 1.17339E-02 8.48806E-07 2.23611E-01 1.01289E+09 1.24228E-02 8.98642E-07
16384 6 128 2097152 452984832 27648 19 4.68315E-01 9.67265E+08 2.46482E-02 8.91499E-07 4.83185E-01 9.37498E+08 2.54308E-02 9.19805E-07
16384 7 1 16384 5619712 343 10 4.97857E-03 1.12878E+09 4.97857E-04 1.45148E-06 3.23949E-03 1.73475E+09 3.23949E-04 9.44457E-07
16384 7 2 32768 11239424 686 17 1.17692E-02 9.54989E+08 6.92304E-04 1.00919E-06 9.21067E-03 1.22026E+09 5.41804E-04 7.89802E-07
16384 7 4 65536 22478848 1372 17 1.85275E-02 1.21327E+09 1.08985E-03 7.94353E-07 1.60115E-02 1.40392E+09 9.41855E-04 6.86483E-07
16384 7 8 131072 44957696 2744 18 3.34638E-02 1.34347E+09 1.85910E-03 6.77514E-07 3.19413E-02 1.40751E+09 1.77452E-03 6.46691E-07
16384 7 16 262144 89915392 5488 18 6.26311E-02 1.43564E+09 3.47950E-03 6.34020E-07 6.82616E-02 1.31722E+09 3.79231E-03 6.91019E-07
16384 7 32 524288 179830784 10976 18 1.27094E-01 1.41494E+09 7.06080E-03 6.43295E-07 1.38345E-01 1.29988E+09 7.68581E-03 7.00238E-07
16384 7 64 1048576 359661568 21952 18 2.70004E-01 1.33206E+09 1.50002E-02 6.83319E-07 2.86225E-01 1.25657E+09 1.59014E-02 7.24370E-07
16384 7 128 2097152 719323136 43904 18 5.57522E-01 1.29021E+09 3.09735E-02 7.05482E-07 5.72614E-01 1.25621E+09 3.18119E-02 7.24579E-07
16384 8 1 16384 8388608 512 15 9.56631E-03 8.76890E+08 6.37754E-04 1.24561E-06 6.74533E-03 1.24362E+09 4.49689E-04 8.78298E-07
16384 8 2 32768 16777216 1024 16 1.55004E-02 1.08237E+09 9.68778E-04 9.46072E-07 1.27693E-02 1.31388E+09 7.98078E-04 7.79373E-07
16384 8 4 65536 33554432 2048 18 2.88596E-02 1.16268E+09 1.60331E-03 7.82867E-07 2.59783E-02 1.29163E+09 1.44324E-03 7.04706E-07
16384 8 8 131072 67108864 4096 17 4.78391E-02 1.40280E+09 2.81407E-03 6.87028E-07 4.73475E-02 1.41737E+09 2.78515E-03 6.79967E-07
16384 8 16 262144 134217728 8192 18 9.92024E-02 1.35297E+09 5.51125E-03 6.72760E-07 1.01395E-01 1.32371E+09 5.63307E-03 6.87631E-07
16384 8 32 524288 268435456 16384 17 1.98095E-01 1.35508E+09 1.16527E-02 7.11222E-07 2.00321E-01 1.34003E+09 1.17836E-02 7.19211E-07
16384 8 64 1048576 536870912 32768 17 4.13484E-01 1.29841E+09 2.43226E-02 7.42267E-07 4.08885E-01 1.31301E+09 2.40521E-02 7.34010E-07
16384 8 128 2097152 1073741824 65536 17 8.31670E-01 1.29107E+09 4.89218E-02 7.46487E-07 8.15489E-01 1.31669E+09 4.79699E-02 7.31963E-07
