#ncores order elem/core total_elem total_gp gp/core n_it scalar_t/field scalar_dof/s scalar_t/it scalar_t/it/p scalar_dof/s scalar_t/it scalar_t/it/p
16384 1 1 16384 16384 1 21 7.19771E-03 2.27628E+06 3.42748E-04 3.42748E-04 2.47726E-03 6.61377E+06 1.17965E-04 1.17965E-04
16384 1 2 32768 32768 2 30 1.01404E-02 3.23144E+06 3.38012E-04 1.69006E-04 3.65759E-03 8.95890E+06 1.21920E-04 6.09599E-05
16384 1 4 65536 65536 4 32 1.12433E-02 5.82888E+06 3.51354E-04 8.78384E-05 4.44795E-03 1.47340E+07 1.38998E-04 3.47496E-05
16384 1 8 131072 131072 8 33 1.24415E-02 1.05350E+07 3.77016E-04 4.71270E-05 5.63876E-03 2.32448E+07 1.70871E-04 2.13589E-05
16384 1 16 262144 262144 16 33 1.45229E-02 1.80504E+07 4.40088E-04 2.75055E-05 7.91206E-03 3.31322E+07 2.39759E-04 1.49850E-05
16384 1 32 524288 524288 32 33 1.88728E-02 2.77801E+07 5.71903E-04 1.78720E-05 1.23278E-02 4.25289E+07 3.73570E-04 1.16740E-05
16384 1 64 1048576 1048576 64 33 2.76468E-02 3.79276E+07 8.37782E-04 1.30903E-05 2.12648E-02 4.93104E+07 6.44387E-04 1.00686E-05
16384 1 128 2097152 2097152 128 33 4.50098E-02 4.65932E+07 1.36393E-03 1.06557E-05 3.90824E-02 5.36598E+07 1.18431E-03 9.25246E-06

16384 2 2 32768 262144 16 27 9.89486E-03 2.64930E+07 3.66476E-04 2.29048E-05 4.04880E-03 6.47460E+07 1.49956E-04 9.37223E-06
16384 2 4 65536 524288 32 26 1.05887E-02 4.95139E+07 4.07258E-04 1.27268E-05 5.00495E-03 1.04754E+08 1.92498E-04 6.01557E-06
16384 2 8 131072 1048576 64 27 1.28979E-02 8.12983E+07 4.77699E-04 7.46405E-06 7.42560E-03 1.41211E+08 2.75022E-04 4.29722E-06
16384 2 16 262144 2097152 128 26 1.65885E-02 1.26422E+08 6.38017E-04 4.98451E-06 1.16301E-02 1.80321E+08 4.47312E-04 3.49463E-06
16384 2 32 524288 4194304 256 26 2.49138E-02 1.68353E+08 9.58223E-04 3.74306E-06 2.00984E-02 2.08689E+08 7.73015E-04 3.01959E-06
16384 2 64 1048576 8388608 512 25 4.00528E-02 2.09439E+08 1.60211E-03 3.12913E-06 3.54608E-02 2.36560E+08 1.41843E-03 2.77038E-06
16384 2 128 2097152 16777216 1024 25 7.24279E-02 2.31640E+08 2.89712E-03 2.82921E-06 6.84820E-02 2.44987E+08 2.73928E-03 2.67508E-06
16384 3 1 16384 442368 27 14 5.19671E-03 8.51247E+07 3.71193E-04 1.37479E-05 2.07070E-03 2.13632E+08 1.47907E-04 5.47804E-06
16384 3 2 32768 884736 54 20 7.97510E-03 1.10937E+08 3.98755E-04 7.38435E-06 3.69009E-03 2.39760E+08 1.84504E-04 3.41675E-06
16384 3 4 65536 1769472 108 22 1.03305E-02 1.71287E+08 4.69567E-04 4.34784E-06 5.80368E-03 3.04888E+08 2.63804E-04 2.44263E-06
16384 3 8 131072 3538944 216 21 1.26390E-02 2.80002E+08 6.01856E-04 2.78637E-06 8.67699E-03 4.07854E+08 4.13190E-04 1.91292E-06
16384 3 16 262144 7077888 432 21 1.87565E-02 3.77357E+08 8.93166E-04 2.06752E-06 1.50352E-02 4.70753E+08 7.15964E-04 1.65732E-06
16384 3 32 524288 14155776 864 22 3.23577E-02 4.37478E+08 1.47081E-03 1.70232E-06 2.84803E-02 4.97037E+08 1.29456E-03 1.49833E-06
16384 3 64 1048576 28311552 1728 21 5.44260E-02 5.20185E+08 2.59171E-03 1.49983E-06 5.16944E-02 5.47671E+08 2.46164E-03 1.42456E-06
16384 3 128 2097152 56623104 3456 21 1.01970E-01 5.55291E+08 4.85572E-03 1.40501E-06 1.06489E-01 5.31727E+08 5.07091E-03 1.46728E-06
16384 4 1 16384 1048576 64 19 7.70666E-03 1.36061E+08 4.05613E-04 6.33771E-06 3.59336E-03 2.91809E+08 1.89124E-04 2.95506E-06
16384 4 2 32768 2097152 128 20 9.39245E-03 2.23281E+08 4.69623E-04 3.66893E-06 5.47979E-03 3.82707E+08 2.73990E-04 2.14054E-06
16384 4 4 65536 4194304 256 20 1.23166E-02 3.40542E+08 6.15828E-04 2.40558E-06 8.63804E-03 4.85562E+08 4.31902E-04 1.68712E-06
16384 4 8 131072 8388608 512 20 1.79997E-02 4.66041E+08 8.99986E-04 1.75778E-06 1.46847E-02 5.71248E+08 7.34236E-04 1.43405E-06
16384 4 16 262144 16777216 1024 20 2.97417E-02 5.64098E+08 1.48708E-03 1.45223E-06 2.66030E-02 6.30651E+08 1.33015E-03 1.29898E-06
16384 4 32 524288 33554432 2048 20 5.23672E-02 6.40752E+08 2.61836E-03 1.27850E-06 5.03734E-02 6.66114E+08 2.51867E-03 1.22982E-06
16384 4 64 1048576 67108864 4096 20 9.81007E-02 6.84082E+08 4.90503E-03 1.19752E-06 1.02388E-01 6.55439E+08 5.11938E-03 1.24985E-06
16384 4 128 2097152 134217728 8192 20 2.00636E-01 6.68962E+08 1.00318E-02 1.22458E-06 2.10939E-01 6.36287E+08 1.05469E-02 1.28747E-06
16384 5 1 16384 2048000 125 11 4.68590E-03 4.37056E+08 4.25991E-04 3.40792E-06 2.28300E-03 8.97065E+08 2.07546E-04 1.66036E-06
16384 5 2 32768 4096000 250 17 8.55653E-03 4.78699E+08 5.03325E-04 2.01330E-06 5.21868E-03 7.84873E+08 3.06981E-04 1.22792E-06
16384 5 4 65536 8192000 500 19 1.28868E-02 6.35691E+08 6.78250E-04 1.35650E-06 9.35825E-03 8.75377E+08 4.92539E-04 9.85079E-07
16384 5 8 131072 16384000 1000 19 1.93449E-02 8.46942E+08 1.01815E-03 1.01815E-06 1.59905E-02 1.02461E+09 8.41606E-04 8.41606E-07
16384 5 16 262144 32768000 2000 19 3.23980E-02 1.01142E+09 1.70516E-03 8.52580E-07 2.94980E-02 1.11086E+09 1.55253E-03 7.76263E-07
16384 5 32 524288 65536000 4000 19 5.72913E-02 1.14391E+09 3.01533E-03 7.53833E-07 5.92681E-02 1.10576E+09 3.11937E-03 7.79843E-07
16384 5 64 1048576 131072000 8000 19 1.13046E-01 1.15946E+09 5.94978E-03 7.43723E-07 1.23664E-01 1.05991E+09 6.50861E-03 8.13576E-07
16384 5 128 2097152 262144000 16000 19 2.44446E-01 1.07240E+09 1.28656E-02 8.04100E-07 2.58981E-01 1.01221E+09 1.36306E-02 8.51911E-07
16384 6 1 16384 3538944 216 18 9.12824E-03 3.87692E+08 5.07125E-04 2.34780E-06 5.22110E-03 6.77816E+08 2.90061E-04 1.34288E-06
16384 6 2 32768 7077888 432 19 1.26669E-02 5.58770E+08 6.66680E-04 1.54324E-06 9.02235E-03 7.84484E+08 4.74861E-04 1.09921E-06
16384 6 4 65536 14155776 864 18 1.78576E-02 7.92702E+08 9.92091E-04 1.14825E-06 1.46270E-02 9.67784E+08 8.12611E-04 9.40523E-07
16384 6 8 131072 28311552 1728 19 3.11945E-02 9.07581E+08 1.64182E-03 9.50125E-07 2.80134E-02 1.01064E+09 1.47439E-03 8.53234E-07
16384 6 16 262144 56623104 3456 19 5.54360E-02 1.02141E+09 2.91768E-03 8.44237E-07 5.43104E-02 1.04258E+09 2.85844E-03 8.27096E-07
16384 6 32 524288 113246208 6912 19 1.06832E-01 1.06004E+09 5.62273E-03 8.13473E-07 1.11959E-01 1.01150E+09 5.89256E-03 8.52512E-07
16384 6 64 1048576 226492416 13824 18 2.10383E-01 1.07657E+09 1.16880E-02 8.45483E-07 2.23383E-01 1.01392E+09 1.24102E-02 8.97725E-07
16384 6 128 2097152 452984832 27648 19 4.66516E-01 9.70996E+08 2.45535E-02 8.88074E-07 4.82654E-01 9.38528E+08 2.54029E-02 9.18796E-07
16384 7 1 16384 5619712 343 10 5.23158E-03 1.07419E+09 5.23158E-04 1.52524E-06 3.25273E-03 1.72769E+09 3.25273E-04 9.48317E-07
16384 7 2 32768 11239424 686 17 1.21812E-02 9.22683E+08 7.16543E-04 1.04452E-06 9.17808E-03 1.22459E+09 5.39887E-04 7.87008E-07
16384 7 4 65536 22478848 1372 17 1.88895E-02 1.19002E+09 1.11115E-03 8.09875E-07 1.60210E-02 1.40309E+09 9.42409E-04 6.86887E-07
16384 7 8 131072 44957696 2744 18 3.36620E-02 1.33556E+09 1.87011E-03 6.81527E-07 3.20383E-02 1.40325E+09 1.77991E-03 6.48654E-07
16384 7 16 262144 89915392 5488 18 6.20425E-02 1.44926E+09 3.44680E-03 6.28062E-07 6.76348E-02 1.32942E+09 3.75749E-03 6.84674E-07
16384 7 32 524288 179830784 10976 18 1.27392E-01 1.41163E+09 7.07735E-03 6.44802E-07 1.39301E-01 1.29095E+09 7.73894E-03 7.05078E-07
16384 7 64 1048576 359661568 21952 18 2.70706E-01 1.32861E+09 1.50392E-02 6.85095E-07 2.86452E-01 1.25557E+09 1.59140E-02 7.24946E-07
16384 7 128 2097152 719323136 43904 18 5.57415E-01 1.29046E+09 3.09675E-02 7.05345E-07 5.69382E-01 1.26334E+09 3.16323E-02 7.20489E-07
16384 8 1 16384 8388608 512 15 9.86211E-03 8.50590E+08 6.57474E-04 1.28413E-06 6.75582E-03 1.24169E+09 4.50388E-04 8.79664E-07
16384 8 2 32768 16777216 1024 16 1.59153E-02 1.05416E+09 9.94706E-04 9.71392E-07 1.28618E-02 1.30442E+09 8.03861E-04 7.85021E-07
16384 8 4 65536 33554432 2048 18 2.93641E-02 1.14270E+09 1.63134E-03 7.96551E-07 2.62790E-02 1.27685E+09 1.45995E-03 7.12865E-07
16384 8 8 131072 67108864 4096 17 4.84717E-02 1.38449E+09 2.85128E-03 6.96113E-07 4.80323E-02 1.39716E+09 2.82543E-03 6.89802E-07
16384 8 16 262144 134217728 8192 18 9.89698E-02 1.35615E+09 5.49832E-03 6.71182E-07 1.02393E-01 1.31081E+09 5.68849E-03 6.94395E-07
16384 8 32 524288 268435456 16384 17 1.98120E-01 1.35491E+09 1.16541E-02 7.11312E-07 1.98888E-01 1.34968E+09 1.16993E-02 7.14068E-07
16384 8 64 1048576 536870912 32768 17 4.07638E-01 1.31703E+09 2.39787E-02 7.31772E-07 4.05667E-01 1.32343E+09 2.38628E-02 7.28234E-07
16384 8 128 2097152 1073741824 65536 17 8.37844E-01 1.28155E+09 4.92850E-02 7.52029E-07 8.15694E-01 1.31635E+09 4.79820E-02 7.32147E-07
