#ncores order elem/core total_elem total_gp gp/core n_it scalar_t/field scalar_dof/s scalar_t/it scalar_t/it/p scalar_dof/s scalar_t/it scalar_t/it/p
16384 1 1 16384 16384 1 21 6.47737E-03 2.52942E+06 3.08446E-04 3.08446E-04 3.23019E-03 5.07215E+06 1.53818E-04 1.53818E-04
16384 1 2 32768 32768 2 30 9.32913E-03 3.51244E+06 3.10971E-04 1.55486E-04 4.03619E-03 8.11854E+06 1.34540E-04 6.72699E-05
16384 1 4 65536 65536 4 32 1.02909E-02 6.36836E+06 3.21590E-04 8.03975E-05 5.14987E-03 1.27258E+07 1.60933E-04 4.02333E-05
16384 1 8 131072 131072 8 33 1.15094E-02 1.13883E+07 3.48769E-04 4.35961E-05 6.43644E-03 2.03641E+07 1.95044E-04 2.43804E-05
16384 1 16 262144 262144 16 33 1.43082E-02 1.83212E+07 4.33583E-04 2.70989E-05 8.54374E-03 3.06826E+07 2.58901E-04 1.61813E-05
16384 1 32 524288 524288 32 33 1.86114E-02 2.81703E+07 5.63981E-04 1.76244E-05 1.28537E-02 4.07889E+07 3.89506E-04 1.21721E-05
16384 1 64 1048576 1048576 64 33 2.78758E-02 3.76159E+07 8.44723E-04 1.31988E-05 2.14846E-02 4.88059E+07 6.51048E-04 1.01726E-05
16384 1 128 2097152 2097152 128 33 4.61115E-02 4.54800E+07 1.39732E-03 1.09165E-05 3.85610E-02 5.43853E+07 1.16852E-03 9.12903E-06
16384 2 1 16384 131072 8 26 7.33669E-03 1.78653E+07 2.82180E-04 3.52726E-05 3.42764E-03 3.82398E+07 1.31832E-04 1.64790E-05
16384 2 2 32768 262144 16 27 1.01600E-02 2.58016E+07 3.76296E-04 2.35185E-05 4.96438E-03 5.28050E+07 1.83866E-04 1.14916E-05
16384 2 4 65536 524288 32 26 1.12272E-02 4.66980E+07 4.31816E-04 1.34942E-05 5.94162E-03 8.82399E+07 2.28524E-04 7.14137E-06
16384 2 8 131072 1048576 64 27 1.40720E-02 7.45153E+07 5.21184E-04 8.14350E-06 8.39163E-03 1.24955E+08 3.10801E-04 4.85627E-06
16384 2 16 262144 2097152 128 26 1.78897E-02 1.17226E+08 6.88067E-04 5.37553E-06 1.24188E-02 1.68870E+08 4.77645E-04 3.73160E-06
16384 2 32 524288 4194304 256 26 2.59864E-02 1.61404E+08 9.99478E-04 3.90421E-06 2.07467E-02 2.02167E+08 7.97950E-04 3.11699E-06
16384 2 64 1048576 8388608 512 25 4.07392E-02 2.05910E+08 1.62957E-03 3.18275E-06 3.59588E-02 2.33284E+08 1.43835E-03 2.80929E-06
16384 2 128 2097152 16777216 1024 25 7.31108E-02 2.29477E+08 2.92443E-03 2.85589E-06 6.88178E-02 2.43792E+08 2.75271E-03 2.68820E-06
16384 3 1 16384 442368 27 14 5.13438E-03 8.61580E+07 3.66742E-04 1.35830E-05 2.14608E-03 2.06129E+08 1.53291E-04 5.67745E-06
16384 3 2 32768 884736 54 20 9.36005E-03 9.45226E+07 4.68002E-04 8.66671E-06 4.41118E-03 2.00567E+08 2.20559E-04 4.08443E-06
16384 3 4 65536 1769472 108 22 1.23044E-02 1.43807E+08 5.59293E-04 5.17864E-06 6.60969E-03 2.67709E+08 3.00440E-04 2.78185E-06
16384 3 8 131072 3538944 216 21 1.46252E-02 2.41975E+08 6.96440E-04 3.22426E-06 9.23090E-03 3.83380E+08 4.39567E-04 2.03503E-06
16384 3 16 262144 7077888 432 21 2.05084E-02 3.45122E+08 9.76589E-04 2.26062E-06 1.53405E-02 4.61385E+08 7.30501E-04 1.69098E-06
16384 3 32 524288 14155776 864 22 3.33387E-02 4.24605E+08 1.51539E-03 1.75393E-06 2.85114E-02 4.96495E+08 1.29597E-03 1.49997E-06
16384 3 64 1048576 28311552 1728 21 5.46422E-02 5.18126E+08 2.60201E-03 1.50579E-06 5.18464E-02 5.46065E+08 2.46888E-03 1.42875E-06
16384 3 128 2097152 56623104 3456 21 1.03889E-01 5.45036E+08 4.94708E-03 1.43145E-06 1.05243E-01 5.38022E+08 5.01157E-03 1.45011E-06
16384 4 1 16384 1048576 64 19 7.68039E-03 1.36526E+08 4.04231E-04 6.31611E-06 4.13484E-03 2.53595E+08 2.17623E-04 3.40036E-06
16384 4 2 32768 2097152 128 20 1.10018E-02 1.90620E+08 5.50088E-04 4.29756E-06 6.45416E-03 3.24930E+08 3.22708E-04 2.52116E-06
16384 4 4 65536 4194304 256 20 1.46135E-02 2.87015E+08 7.30676E-04 2.85420E-06 9.66867E-03 4.33804E+08 4.83433E-04 1.88841E-06
16384 4 8 131072 8388608 512 20 2.00453E-02 4.18483E+08 1.00226E-03 1.95755E-06 1.51509E-02 5.53671E+08 7.57544E-04 1.47958E-06
16384 4 16 262144 16777216 1024 20 3.14610E-02 5.33270E+08 1.57305E-03 1.53618E-06 2.70587E-02 6.20030E+08 1.35294E-03 1.32123E-06
16384 4 32 524288 33554432 2048 20 5.41325E-02 6.19857E+08 2.70663E-03 1.32160E-06 5.12650E-02 6.54529E+08 2.56325E-03 1.25159E-06
16384 4 64 1048576 67108864 4096 20 1.00558E-01 6.67367E+08 5.02788E-03 1.22751E-06 1.02390E-01 6.55425E+08 5.11949E-03 1.24988E-06
16384 4 128 2097152 134217728 8192 20 2.05799E-01 6.52178E+08 1.02900E-02 1.25610E-06 2.12721E-01 6.30957E+08 1.06361E-02 1.29835E-06
16384 5 1 16384 2048000 125 11 4.74069E-03 4.32005E+08 4.30972E-04 3.44777E-06 2.63805E-03 7.76330E+08 2.39823E-04 1.91858E-06
16384 5 2 32768 4096000 250 17 1.00351E-02 4.08169E+08 5.90298E-04 2.36119E-06 6.06691E-03 6.75137E+08 3.56877E-04 1.42751E-06
16384 5 4 65536 8192000 500 19 1.49312E-02 5.48651E+08 7.85852E-04 1.57170E-06 1.02613E-02 7.98338E+08 5.40069E-04 1.08014E-06
16384 5 8 131072 16384000 1000 19 2.07382E-02 7.90038E+08 1.09149E-03 1.09149E-06 1.63354E-02 1.00297E+09 8.59760E-04 8.59760E-07
16384 5 16 262144 32768000 2000 19 3.32672E-02 9.84995E+08 1.75090E-03 8.75452E-07 2.93865E-02 1.11507E+09 1.54666E-03 7.73329E-07
16384 5 32 524288 65536000 4000 19 5.95211E-02 1.10106E+09 3.13269E-03 7.83172E-07 5.96826E-02 1.09807E+09 3.14119E-03 7.85298E-07
16384 5 64 1048576 131072000 8000 19 1.15796E-01 1.13193E+09 6.09450E-03 7.61813E-07 1.23837E-01 1.05842E+09 6.51776E-03 8.14720E-07
16384 5 128 2097152 262144000 16000 19 2.41996E-01 1.08326E+09 1.27366E-02 7.96040E-07 2.56906E-01 1.02039E+09 1.35214E-02 8.45087E-07
16384 6 1 16384 3538944 216 18 9.04747E-03 3.91153E+08 5.02637E-04 2.32702E-06 5.69585E-03 6.21320E+08 3.16436E-04 1.46498E-06
16384 6 2 32768 7077888 432 19 1.41227E-02 5.01170E+08 7.43302E-04 1.72061E-06 9.77000E-03 7.24451E+08 5.14211E-04 1.19030E-06
16384 6 4 65536 14155776 864 18 1.97950E-02 7.15119E+08 1.09972E-03 1.27283E-06 1.54284E-02 9.17512E+08 8.57136E-04 9.92055E-07
16384 6 8 131072 28311552 1728 19 3.23291E-02 8.75729E+08 1.70153E-03 9.84683E-07 2.82597E-02 1.00183E+09 1.48735E-03 8.60737E-07
16384 6 16 262144 56623104 3456 19 5.64266E-02 1.00348E+09 2.96982E-03 8.59324E-07 5.56407E-02 1.01766E+09 2.92846E-03 8.47355E-07
16384 6 32 524288 113246208 6912 19 1.09308E-01 1.03603E+09 5.75306E-03 8.32329E-07 1.14185E-01 9.91783E+08 6.00971E-03 8.69461E-07
16384 6 64 1048576 226492416 13824 18 2.09592E-01 1.08064E+09 1.16440E-02 8.42303E-07 2.22750E-01 1.01680E+09 1.23750E-02 8.95181E-07
16384 6 128 2097152 452984832 27648 19 4.69817E-01 9.64172E+08 2.47272E-02 8.94359E-07 4.82224E-01 9.39366E+08 2.53802E-02 9.17977E-07
16384 7 1 16384 5619712 343 10 5.58360E-03 1.00647E+09 5.58360E-04 1.62787E-06 3.55967E-03 1.57872E+09 3.55967E-04 1.03780E-06
16384 7 2 32768 11239424 686 17 1.42110E-02 7.90894E+08 8.35943E-04 1.21858E-06 9.85372E-03 1.14063E+09 5.79630E-04 8.44942E-07
16384 7 4 65536 22478848 1372 17 2.09357E-02 1.07371E+09 1.23151E-03 8.97604E-07 1.66887E-02 1.34695E+09 9.81686E-04 7.15515E-07
16384 7 8 131072 44957696 2744 18 3.49631E-02 1.28586E+09 1.94240E-03 7.07870E-07 3.15852E-02 1.42338E+09 1.75473E-03 6.39480E-07
16384 7 16 262144 89915392 5488 18 6.39071E-02 1.40697E+09 3.55039E-03 6.46938E-07 6.54988E-02 1.37278E+09 3.63882E-03 6.63051E-07
16384 7 32 524288 179830784 10976 18 1.31269E-01 1.36994E+09 7.29271E-03 6.64423E-07 1.38099E-01 1.30219E+09 7.67216E-03 6.98994E-07
16384 7 64 1048576 359661568 21952 18 2.67468E-01 1.34469E+09 1.48593E-02 6.76901E-07 2.79764E-01 1.28559E+09 1.55424E-02 7.08019E-07
16384 7 128 2097152 719323136 43904 18 5.53287E-01 1.30009E+09 3.07381E-02 7.00122E-07 5.73454E-01 1.25437E+09 3.18586E-02 7.25641E-07
16384 8 1 16384 8388608 512 15 1.00306E-02 8.36302E+08 6.68707E-04 1.30607E-06 7.23099E-03 1.16009E+09 4.82066E-04 9.41536E-07
16384 8 2 32768 16777216 1024 16 1.74015E-02 9.64123E+08 1.08760E-03 1.06211E-06 1.33988E-02 1.25214E+09 8.37424E-04 8.17797E-07
16384 8 4 65536 33554432 2048 18 3.09307E-02 1.08483E+09 1.71837E-03 8.39049E-07 2.70755E-02 1.23929E+09 1.50419E-03 7.34469E-07
16384 8 8 131072 67108864 4096 17 4.95646E-02 1.35397E+09 2.91556E-03 7.11808E-07 4.91247E-02 1.36609E+09 2.88969E-03 7.05490E-07
16384 8 16 262144 134217728 8192 18 1.01177E-01 1.32657E+09 5.62092E-03 6.86148E-07 1.06481E-01 1.26048E+09 5.91562E-03 7.22122E-07
16384 8 32 524288 268435456 16384 17 1.96796E-01 1.36403E+09 1.15762E-02 7.06557E-07 2.02305E-01 1.32689E+09 1.19003E-02 7.26336E-07
16384 8 64 1048576 536870912 32768 17 4.10465E-01 1.30796E+09 2.41450E-02 7.36847E-07 4.16300E-01 1.28963E+09 2.44882E-02 7.47321E-07
16384 8 128 2097152 1073741824 65536 17 8.52734E-01 1.25918E+09 5.01608E-02 7.65394E-07 8.38947E-01 1.27987E+09 4.93498E-02 7.53019E-07
