#ncores order elem/core total_elem total_gp gp/core n_it scalar_t/field scalar_dof/s scalar_t/it scalar_t/it/p scalar_dof/s scalar_t/it scalar_t/it/p


16384 1 4 65536 65536 4 32 1.05010E-02 6.24095E+06 3.28155E-04 8.20388E-05 5.26716E-03 1.24424E+07 1.64599E-04 4.11497E-05
16384 1 8 131072 131072 8 33 1.16435E-02 1.12571E+07 3.52833E-04 4.41042E-05 6.65220E-03 1.97036E+07 2.01582E-04 2.51977E-05
16384 1 16 262144 262144 16 33 1.45434E-02 1.80250E+07 4.40709E-04 2.75443E-05 8.82398E-03 2.97082E+07 2.67393E-04 1.67121E-05
16384 1 32 524288 524288 32 33 1.88690E-02 2.77856E+07 5.71789E-04 1.78684E-05 1.32462E-02 3.95803E+07 4.01400E-04 1.25437E-05
16384 1 64 1048576 1048576 64 33 2.75815E-02 3.80174E+07 8.35803E-04 1.30594E-05 2.21441E-02 4.73525E+07 6.71032E-04 1.04849E-05
16384 1 128 2097152 2097152 128 33 4.54511E-02 4.61408E+07 1.37731E-03 1.07602E-05 3.98534E-02 5.26217E+07 1.20768E-03 9.43499E-06
16384 2 1 16384 131072 8 26 7.65697E-03 1.71180E+07 2.94499E-04 3.68124E-05 3.52163E-03 3.72192E+07 1.35447E-04 1.69309E-05
16384 2 2 32768 262144 16 27 1.04915E-02 2.49864E+07 3.88573E-04 2.42858E-05 5.08356E-03 5.15670E+07 1.88280E-04 1.17675E-05
16384 2 4 65536 524288 32 26 1.14226E-02 4.58992E+07 4.39330E-04 1.37291E-05 5.98556E-03 8.75921E+07 2.30214E-04 7.19419E-06
16384 2 8 131072 1048576 64 27 1.42170E-02 7.37548E+07 5.26557E-04 8.22746E-06 8.34773E-03 1.25612E+08 3.09175E-04 4.83086E-06
16384 2 16 262144 2097152 128 26 1.80306E-02 1.16311E+08 6.93485E-04 5.41785E-06 1.23115E-02 1.70340E+08 4.73521E-04 3.69938E-06
16384 2 32 524288 4194304 256 26 2.59825E-02 1.61428E+08 9.99327E-04 3.90362E-06 2.03996E-02 2.05607E+08 7.84599E-04 3.06484E-06
16384 2 64 1048576 8388608 512 25 4.05235E-02 2.07006E+08 1.62094E-03 3.16590E-06 3.51394E-02 2.38724E+08 1.40557E-03 2.74526E-06
16384 2 128 2097152 16777216 1024 25 7.27937E-02 2.30476E+08 2.91175E-03 2.84350E-06 6.68600E-02 2.50931E+08 2.67440E-03 2.61172E-06
16384 3 1 16384 442368 27 14 5.18698E-03 8.52843E+07 3.70499E-04 1.37222E-05 2.15837E-03 2.04955E+08 1.54169E-04 5.70997E-06
16384 3 2 32768 884736 54 20 9.41219E-03 9.39989E+07 4.70610E-04 8.71499E-06 4.44143E-03 1.99201E+08 2.22071E-04 4.11243E-06
16384 3 4 65536 1769472 108 22 1.22709E-02 1.44200E+08 5.57770E-04 5.16454E-06 6.64161E-03 2.66422E+08 3.01892E-04 2.79529E-06
16384 3 8 131072 3538944 216 21 1.45589E-02 2.43078E+08 6.93280E-04 3.20963E-06 9.29520E-03 3.80728E+08 4.42629E-04 2.04921E-06
16384 3 16 262144 7077888 432 21 2.05362E-02 3.44654E+08 9.77916E-04 2.26370E-06 1.53866E-02 4.60005E+08 7.32693E-04 1.69605E-06
16384 3 32 524288 14155776 864 22 3.33634E-02 4.24291E+08 1.51652E-03 1.75523E-06 2.85682E-02 4.95508E+08 1.29855E-03 1.50296E-06
16384 3 64 1048576 28311552 1728 21 5.45879E-02 5.18642E+08 2.59942E-03 1.50430E-06 5.19189E-02 5.45303E+08 2.47233E-03 1.43075E-06
16384 3 128 2097152 56623104 3456 21 1.03767E-01 5.45678E+08 4.94127E-03 1.42976E-06 1.05548E-01 5.36469E+08 5.02608E-03 1.45431E-06
16384 4 1 16384 1048576 64 19 7.86144E-03 1.33382E+08 4.13760E-04 6.46500E-06 4.22371E-03 2.48259E+08 2.22301E-04 3.47345E-06
16384 4 2 32768 2097152 128 20 1.11899E-02 1.87415E+08 5.59495E-04 4.37105E-06 6.57657E-03 3.18882E+08 3.28828E-04 2.56897E-06
16384 4 4 65536 4194304 256 20 1.47390E-02 2.84573E+08 7.36948E-04 2.87870E-06 9.73300E-03 4.30936E+08 4.86650E-04 1.90098E-06
16384 4 8 131072 8388608 512 20 2.01795E-02 4.15700E+08 1.00897E-03 1.97065E-06 1.51901E-02 5.52241E+08 7.59507E-04 1.48341E-06
16384 4 16 262144 16777216 1024 20 3.16199E-02 5.30591E+08 1.58099E-03 1.54394E-06 2.69424E-02 6.22707E+08 1.34712E-03 1.31555E-06
16384 4 32 524288 33554432 2048 20 5.43278E-02 6.17629E+08 2.71639E-03 1.32636E-06 5.09921E-02 6.58032E+08 2.54961E-03 1.24492E-06
16384 4 64 1048576 67108864 4096 20 1.00419E-01 6.68291E+08 5.02093E-03 1.22581E-06 1.01797E-01 6.59240E+08 5.08986E-03 1.24264E-06
16384 4 128 2097152 134217728 8192 20 2.05403E-01 6.53436E+08 1.02701E-02 1.25368E-06 2.12040E-01 6.32983E+08 1.06020E-02 1.29419E-06
16384 5 1 16384 2048000 125 11 4.88481E-03 4.19259E+08 4.44073E-04 3.55259E-06 2.66616E-03 7.68147E+08 2.42378E-04 1.93902E-06
16384 5 2 32768 4096000 250 17 1.01817E-02 4.02292E+08 5.98922E-04 2.39569E-06 6.12345E-03 6.68904E+08 3.60203E-04 1.44081E-06
16384 5 4 65536 8192000 500 19 1.51424E-02 5.40998E+08 7.96967E-04 1.59393E-06 1.03220E-02 7.93648E+08 5.43261E-04 1.08652E-06
16384 5 8 131072 16384000 1000 19 2.10078E-02 7.79900E+08 1.10567E-03 1.10567E-06 1.64133E-02 9.98213E+08 8.63859E-04 8.63859E-07
16384 5 16 262144 32768000 2000 19 3.36530E-02 9.73701E+08 1.77121E-03 8.85606E-07 2.95393E-02 1.10930E+09 1.55470E-03 7.77351E-07
16384 5 32 524288 65536000 4000 19 5.97274E-02 1.09725E+09 3.14355E-03 7.85887E-07 6.01037E-02 1.09038E+09 3.16335E-03 7.90838E-07
16384 5 64 1048576 131072000 8000 19 1.15836E-01 1.13154E+09 6.09661E-03 7.62076E-07 1.24709E-01 1.05102E+09 6.56366E-03 8.20457E-07
16384 5 128 2097152 262144000 16000 19 2.43964E-01 1.07452E+09 1.28402E-02 8.02514E-07 2.58115E-01 1.01561E+09 1.35850E-02 8.49063E-07
16384 6 1 16384 3538944 216 18 9.07919E-03 3.89786E+08 5.04400E-04 2.33518E-06 5.72766E-03 6.17869E+08 3.18203E-04 1.47316E-06
16384 6 2 32768 7077888 432 19 1.41519E-02 5.00136E+08 7.44838E-04 1.72416E-06 9.84566E-03 7.18884E+08 5.18193E-04 1.19952E-06
16384 6 4 65536 14155776 864 18 1.98057E-02 7.14732E+08 1.10032E-03 1.27352E-06 1.54622E-02 9.15510E+08 8.59010E-04 9.94224E-07

16384 6 16 262144 56623104 3456 19 5.66393E-02 9.99714E+08 2.98102E-03 8.62562E-07 5.58283E-02 1.01424E+09 2.93833E-03 8.50212E-07
16384 6 32 524288 113246208 6912 19 1.09872E-01 1.03071E+09 5.78274E-03 8.36623E-07 1.14618E-01 9.88033E+08 6.03252E-03 8.72760E-07
16384 6 64 1048576 226492416 13824 18 2.10432E-01 1.07632E+09 1.16907E-02 8.45679E-07 2.23730E-01 1.01235E+09 1.24294E-02 8.99121E-07
16384 6 128 2097152 452984832 27648 19 4.68046E-01 9.67822E+08 2.46340E-02 8.90986E-07 4.83272E-01 9.37330E+08 2.54354E-02 9.19971E-07
16384 7 1 16384 5619712 343 10 5.58706E-03 1.00584E+09 5.58706E-04 1.62888E-06 3.58281E-03 1.56852E+09 3.58281E-04 1.04455E-06
16384 7 2 32768 11239424 686 17 1.44366E-02 7.78538E+08 8.49210E-04 1.23792E-06 9.94265E-03 1.13043E+09 5.84862E-04 8.52568E-07
16384 7 4 65536 22478848 1372 17 2.12617E-02 1.05724E+09 1.25069E-03 9.11581E-07 1.68404E-02 1.33482E+09 9.90610E-04 7.22019E-07
16384 7 8 131072 44957696 2744 18 3.55070E-02 1.26617E+09 1.97261E-03 7.18881E-07 3.17627E-02 1.41543E+09 1.76459E-03 6.43073E-07
16384 7 16 262144 89915392 5488 18 6.47685E-02 1.38826E+09 3.59825E-03 6.55658E-07 6.63814E-02 1.35453E+09 3.68786E-03 6.71985E-07
16384 7 32 524288 179830784 10976 18 1.34649E-01 1.33555E+09 7.48051E-03 6.81534E-07 1.37790E-01 1.30511E+09 7.65499E-03 6.97430E-07
16384 7 64 1048576 359661568 21952 18 2.69775E-01 1.33319E+09 1.49875E-02 6.82740E-07 2.79862E-01 1.28514E+09 1.55479E-02 7.08269E-07
16384 7 128 2097152 719323136 43904 18 5.52626E-01 1.30164E+09 3.07015E-02 6.99286E-07 5.73998E-01 1.25318E+09 3.18888E-02 7.26330E-07
16384 8 1 16384 8388608 512 15 1.01721E-02 8.24670E+08 6.78138E-04 1.32449E-06 7.25226E-03 1.15669E+09 4.83484E-04 9.44304E-07
16384 8 2 32768 16777216 1024 16 1.76336E-02 9.51436E+08 1.10210E-03 1.07627E-06 1.33969E-02 1.25232E+09 8.37307E-04 8.17682E-07
16384 8 4 65536 33554432 2048 18 3.12135E-02 1.07500E+09 1.73409E-03 8.46721E-07 2.68122E-02 1.25146E+09 1.48957E-03 7.27328E-07
16384 8 8 131072 67108864 4096 17 4.98867E-02 1.34522E+09 2.93451E-03 7.16434E-07 4.80105E-02 1.39780E+09 2.82415E-03 6.89489E-07
16384 8 16 262144 134217728 8192 18 1.01428E-01 1.32328E+09 5.63489E-03 6.87853E-07 1.03542E-01 1.29626E+09 5.75235E-03 7.02191E-07
16384 8 32 524288 268435456 16384 17 1.96791E-01 1.36406E+09 1.15759E-02 7.06539E-07 1.98914E-01 1.34951E+09 1.17008E-02 7.14161E-07
16384 8 64 1048576 536870912 32768 17 4.12155E-01 1.30259E+09 2.42444E-02 7.39881E-07 4.08558E-01 1.31406E+09 2.40328E-02 7.33424E-07
16384 8 128 2097152 1073741824 65536 17 8.47741E-01 1.26659E+09 4.98671E-02 7.60912E-07 8.21426E-01 1.30717E+09 4.83192E-02 7.37292E-07
